,listing_id,high,low,medium
0,,0.067227287693,0.70996754131,0.222805170997
1,,0.118092514341,0.575477094773,0.306430390886
2,,0.0293740530639,0.803422614694,0.167203332242
3,,0.07739388027,0.652827437009,0.269778682721
4,7170325.0,0.0161655928738,0.821430382166,0.162404024961
5,,0.000351226212448,0.954232041015,0.0454167327721
6,7092344.0,0.123484829475,0.5661667885,0.310348382025
7,,0.114095934814,0.657434500943,0.228469564243
8,,0.1029783962,0.602597002888,0.294424600912
9,7158677.0,0.0783101981302,0.720283767431,0.201406034439
10,7211212.0,0.00973956486481,0.878177090259,0.112083344876
11,,0.0866471583662,0.704882347822,0.208470493811
12,,0.0325999312141,0.764751694497,0.202648374289
13,,0.0180340679618,0.789452671507,0.192513260531
14,,0.0421230835695,0.702114069705,0.255762846725
15,7225292.0,0.060849762684,0.72370493117,0.215445306146
16,7226687.0,0.0713725625222,0.733550129086,0.195077308392
17,,0.0142819128132,0.876652365238,0.109065721949
18,7126989.0,0.0396564397516,0.80183695863,0.158506601619
19,7114138.0,0.103456670928,0.601713527654,0.294829801418
20,,0.0862337330525,0.70563346373,0.208132803218
21,,0.124811520731,0.603445173257,0.271743306012
22,,0.0598272418119,0.680657343513,0.259515414675
23,7131094.0,0.0419055394817,0.702760408278,0.25533405224
24,,0.0659060813415,0.712768071622,0.221325847037
25,,0.104103944715,0.674204436401,0.221691618884
26,,0.00396902008792,0.899940320216,0.0960906596962
27,,0.142250887887,0.612582450719,0.245166661395
28,,0.0846037621282,0.638017662051,0.277378575821
29,,0.142250887887,0.612582450719,0.245166661395
30,,0.0489161983127,0.583464030753,0.367619770934
31,,0.113581452232,0.622406105622,0.264012442146
32,7224815.0,0.210322586,0.475340613752,0.314336800248
33,7107333.0,0.127926412203,0.558627695704,0.313445892093
34,,0.00218387117904,0.921183963519,0.0766321653022
35,,0.0526399953966,0.77199938419,0.175360620414
36,7088993.0,0.0642870692633,0.71623129881,0.219481631927
37,,0.0927190941746,0.621997821691,0.285283084134
38,7216312.0,0.0756556203482,0.692600569922,0.23174380973
39,7140668.0,0.0118303150186,0.82183428731,0.166335397672
40,,0.0421378687654,0.65020228286,0.307659848374
41,,0.107753661956,0.676204197752,0.216042140292
42,7141160.0,0.116706739456,0.653134342492,0.230158918052
43,7753784.0,0.0630078557074,0.646472376549,0.290519767743
44,7140840.0,0.0309358295132,0.770034848954,0.199029321533
45,,0.104586515472,0.673382477544,0.222031006985
46,7172046.0,0.249449490663,0.423196480829,0.327354028507
47,,0.0930367762148,0.580816197675,0.32614702611
48,,0.0577474757807,0.696679759283,0.245572764936
49,7168225.0,0.0944578555317,0.656425006567,0.249117137901
50,,0.147767801001,0.566556373828,0.285675825172
51,,0.0676637729494,0.620342523788,0.311993703262
52,,0.0782809509539,0.6873519401,0.234367108946
53,,0.0638445102445,0.682435190654,0.253720299102
54,,0.0819213039762,0.595661675127,0.322417020897
55,,0.186802940562,0.467436038122,0.345761021316
56,,0.0340221684263,0.815994459796,0.149983371778
57,,0.136256603387,0.621871743668,0.241871652945
58,,0.0331971228999,0.792189103518,0.174613773582
59,,0.0598651190246,0.654172940392,0.285961940583
60,,0.108512500152,0.631194899986,0.260292599862
61,7213185.0,0.0114260443636,0.869722194066,0.11885176157
62,,0.00509643069397,0.888600190405,0.106303378901
63,,0.0433902609003,0.733269191129,0.22334054797
64,,0.135656549329,0.585730949874,0.278612500797
65,,0.155505650318,0.449726128118,0.394768221564
66,7206465.0,0.0467282462134,0.683128777116,0.27014297667
67,7134612.0,0.0979916460987,0.684729784638,0.217278569264
68,,0.134800773949,0.547175514,0.318023712051
69,7156935.0,0.140722181962,0.537508353479,0.321769464559
70,,0.0328868227125,0.793078071681,0.174035105607
71,,0.0386390329503,0.777164015812,0.184196951238
72,,0.0477963446953,0.782748965561,0.169454689744
73,,0.0539878235845,0.769076983985,0.17693519243
74,7096161.0,0.1029783962,0.602597002888,0.294424600912
75,,0.022892136992,0.82415564654,0.152952216468
76,,0.000393009627253,0.952162177148,0.0474448132251
77,,0.0474757433115,0.754631526807,0.197892729882
78,7131812.0,0.217960157467,0.464914943106,0.317124899427
79,,0.249449490663,0.423196480829,0.327354028507
80,7185840.0,0.174045815127,0.526820788324,0.299133396549
81,,0.00681657167929,0.87541524648,0.117768181841
82,7114220.0,0.113581452232,0.622406105622,0.264012442146
83,7231209.0,0.0384393881454,0.777697841268,0.183862770586
84,7229242.0,0.0525696728347,0.742466169493,0.204964157673
85,7089887.0,0.060849762684,0.72370493117,0.215445306146
86,,0.103621932481,0.639823589505,0.256554478014
87,7217009.0,0.0523034520685,0.743089196678,0.204607351254
88,7167986.0,0.0858033264696,0.672686595228,0.241510078302
89,7126940.0,0.0994685803578,0.682166591281,0.218364828362
90,,0.123484829475,0.5661667885,0.310348382025
91,,0.130443315683,0.631006341034,0.238550343284
92,7159596.0,0.0422846600582,0.736307562328,0.221407777614
93,7111210.0,0.0389266047811,0.803622034349,0.15745136087
94,,0.00704192860304,0.873745741217,0.11921233018
95,,0.164621616965,0.457674857543,0.377703525492
96,,0.129054509213,0.556730731523,0.314214759264
97,,0.0577474757807,0.696679759283,0.245572764936
98,,0.022383229966,0.79460229249,0.183014477544
99,,0.0226517782396,0.824974695712,0.152373526049
100,,0.186802940562,0.467436038122,0.345761021316
101,7152345.0,0.112877717355,0.584655688523,0.302466594123
102,7204899.0,0.0812446977772,0.644845099563,0.27391020266
103,,0.0642870692633,0.71623129881,0.219481631927
104,7230245.0,0.0894330829733,0.628407381918,0.282159535108
105,,0.16016436871,0.506916868584,0.332918762706
106,7211226.0,0.255243198356,0.375591134064,0.36916566758
107,7195563.0,0.0642870692633,0.71623129881,0.219481631927
108,,0.16016436871,0.506916868584,0.332918762706
109,,0.135656549329,0.585730949874,0.278612500797
110,,0.031101435107,0.762694714705,0.206203850188
111,7181313.0,0.0172944797471,0.820288103586,0.162417416667
112,,0.0523034520685,0.743089196678,0.204607351254
113,7206858.0,0.202800377319,0.48573917392,0.31146044876
114,,0.129526147083,0.595676786741,0.274797066176
115,7126878.0,0.0574568722245,0.697375433141,0.245167694634
116,,0.0166638225502,0.846950085402,0.136386092048
117,7174518.0,0.160574283414,0.546896956828,0.292528759758
118,7209804.0,0.00831808974988,0.815875774466,0.175806135784
119,,0.0534218455324,0.657574556046,0.289003598421
120,,0.00681657167929,0.87541524648,0.117768181841
121,7119598.0,0.0328868227125,0.793078071681,0.174035105607
122,7133917.0,0.1006131855,0.606992412847,0.292394401653
123,,0.0783101981302,0.720283767431,0.201406034439
124,,0.0580378042068,0.644999847611,0.296962348182
125,,0.000600316097524,0.943482892682,0.0559167912206
126,,0.00516751392767,0.906198751213,0.088633734859
127,,0.201296862359,0.44694904421,0.351754093431
128,,0.00489959432738,0.891069995676,0.104030409996
129,,0.00127791463038,0.936252748663,0.0624693367062
130,,0.203823860229,0.52320005078,0.27297608899
131,,0.109234855203,0.583540721781,0.307224423016
132,,0.00755628522554,0.870042510997,0.122401203778
133,7174224.0,0.063967555934,0.716918968276,0.21911347579
134,,0.0643387139992,0.747487324635,0.188173961366
135,,0.186802940562,0.467436038122,0.345761021316
136,7157060.0,0.0475532384129,0.783299405186,0.169147356401
137,,0.0678966519623,0.708557261229,0.223546086809
138,,0.16016436871,0.506916868584,0.332918762706
139,7173006.0,0.0783101981302,0.720283767431,0.201406034439
140,7216314.0,0.0783101981302,0.720283767431,0.201406034439
141,,0.000205839669295,0.962914580034,0.0368795802972
142,,0.000978215415907,0.942632930487,0.0563888540967
143,,0.179757193087,0.477634911605,0.342607895307
144,,0.0467018619246,0.688887999104,0.264410138972
145,7219476.0,0.0145800771234,0.829091697792,0.156328225085
146,7139119.0,0.0521820078431,0.710297022163,0.237520969994
147,,0.0539333077991,0.769194640389,0.176872051812
148,,0.0783101981302,0.720283767431,0.201406034439
149,,0.0948231617557,0.690273553378,0.214903284866
150,,1.7870422455e-12,0.999955397929,4.46020696785e-05
151,7206653.0,0.167289157756,0.442805960456,0.389904881788
152,7091061.0,0.0384393881454,0.777697841268,0.183862770586
153,,0.231639004903,0.405957666989,0.362403328108
154,,0.046871453797,0.723933676476,0.229194869727
155,,0.0129367251999,0.805556532024,0.181506742776
156,,0.119362963608,0.648791788413,0.231845247978
157,,0.00189947642884,0.925429678639,0.0726708449322
158,7097027.0,0.0509389919503,0.746303698797,0.202757309252
159,,0.121521805164,0.608930710547,0.269547484289
160,,0.160574283414,0.546896956828,0.292528759758
161,7106145.0,0.07739388027,0.652827437009,0.269778682721
162,,0.114098208867,0.62151855267,0.264383238463
163,,0.201296862359,0.44694904421,0.351754093431
164,,0.129054509213,0.556730731523,0.314214759264
165,,0.0381635777899,0.744203740362,0.217632681848
166,,0.101171449027,0.521742648887,0.377085902086
167,,0.0618262433112,0.752600116295,0.185573640394
168,,0.0862337330525,0.70563346373,0.208132803218
169,,0.096980434731,0.651795548139,0.25122401713
170,7167352.0,0.115985304934,0.579164650592,0.304850044474
171,7168370.0,0.0167418814238,0.867577029423,0.115681089154
172,,0.063967555934,0.716918968276,0.21911347579
173,,0.216268821693,0.426423240218,0.357307938089
174,,0.0642870692633,0.71623129881,0.219481631927
175,,0.0426237712352,0.766752094368,0.190624134396
176,,0.244609283233,0.348359118344,0.407031598423
177,,0.172992386541,0.487586053518,0.33942155994
178,,0.0582230840792,0.760069882981,0.18170703294
179,,0.29161518527,0.292313538575,0.416071276155
180,,0.0364960827644,0.782959878741,0.180544038494
181,7097907.0,3.59261597385e-07,0.996470647222,0.00352899351668
182,7231268.0,0.0315002673088,0.822644962609,0.145854770082
183,,0.257497982475,0.412827753514,0.329674264011
184,,0.15477511078,0.593563605294,0.251661283926
185,,0.0170983332725,0.793884210158,0.18901745657
186,7136953.0,0.0346465557308,0.788085558518,0.177267885752
187,,0.0160966337923,0.768809542262,0.215093823946
188,,0.0297769160685,0.802208464686,0.168014619245
189,,0.037770407971,0.715392850477,0.246836741552
190,,0.0904435038256,0.698042358936,0.211514137238
191,,0.000215174187989,0.954823403396,0.0449614224157
192,7163499.0,0.0202811648429,0.807909421569,0.171809413588
193,,0.172855818612,0.487788612458,0.33935556893
194,7205089.0,0.141623862331,0.576208115032,0.282168022638
195,,0.0713725625222,0.733550129086,0.195077308392
196,,0.1029783962,0.602597002888,0.294424600912
197,,0.0937770907893,0.619955330283,0.286267578928
198,,0.232416399882,0.404937767911,0.362645832207
199,,0.159642552458,0.507716732777,0.332640714765
200,7215442.0,0.0702302490553,0.668162554536,0.261607196409
201,,0.173539261848,0.486775594334,0.339685143817
202,,0.307200342223,0.27472135004,0.418078307737
203,,0.113391216679,0.583743913194,0.302864870128
204,7221305.0,0.0766427376426,0.654404834089,0.268952428268
205,7218351.0,0.0676074883708,0.740944529905,0.191447981724
206,7148695.0,0.0192331058163,0.812137835749,0.168629058434
207,,0.0786623284541,0.686595352703,0.234742318843
208,7134031.0,0.279208643618,0.345915530971,0.374875825411
209,,0.103621932481,0.639823589505,0.256554478014
210,,0.0216003733539,0.828607496177,0.149792130469
211,,0.255243198356,0.375591134064,0.36916566758
212,,0.120766477505,0.570838047789,0.308395474705
213,,0.07739388027,0.652827437009,0.269778682721
214,7194919.0,0.0806012423809,0.606508593489,0.31289016413
215,,0.103621932481,0.639823589505,0.256554478014
216,,0.060849762684,0.72370493117,0.215445306146
217,7198551.0,0.0934769206128,0.579938684581,0.326584394806
218,,0.281863144675,0.38207358215,0.336063273175
219,,0.00580671953957,0.883301381322,0.110891899138
220,,0.00553919768134,0.902758230843,0.0917025714758
221,,0.000978215415907,0.942632930487,0.0563888540967
222,,0.0691284167573,0.67058218369,0.260289399553
223,,0.00489959432738,0.891069995676,0.104030409996
224,,0.0263368818092,0.782636028306,0.191027089885
225,,0.0526399953966,0.77199938419,0.175360620414
226,7090836.0,0.116701523939,0.561452726852,0.321845749208
227,,0.0281081768589,0.807288699238,0.164603123903
228,7129585.0,0.243374499026,0.390708310416,0.365917190558
229,,0.0426237712352,0.766752094368,0.190624134396
230,,0.134800773949,0.547175514,0.318023712051
231,,0.0710228040518,0.734230958518,0.19474623743
232,,0.118829977337,0.613460781764,0.267709240899
233,,0.135385063009,0.546213710883,0.318401226108
234,,0.0937770907893,0.619955330283,0.286267578928
235,7107617.0,0.0117967311042,0.86795332226,0.120249946635
236,7232120.0,0.0574568722245,0.697375433141,0.245167694634
237,7158471.0,0.0346465557308,0.788085558518,0.177267885752
238,,0.0422846600582,0.736307562328,0.221407777614
239,,0.0782809509539,0.6873519401,0.234367108946
240,,0.012912676008,0.882030744425,0.105056579567
241,7117491.0,0.130443315683,0.631006341034,0.238550343284
242,,0.0578694734339,0.730327225954,0.211803300612
243,,0.0767786367247,0.614792375687,0.308428987589
244,7194997.0,0.0786910048061,0.719568030442,0.201740964752
245,7184842.0,0.0777718126057,0.65203635093,0.270191836465
246,7111019.0,0.213676802692,0.364895346318,0.42142785099
247,7149858.0,0.15477511078,0.593563605294,0.251661283926
248,7141788.0,0.00858491146858,0.84281457493,0.148600513602
249,7134172.0,0.233539679088,0.444033012864,0.322427308049
250,,0.129621207848,0.555780457811,0.314598334342
251,7233228.0,0.037770407971,0.715392850477,0.246836741552
252,7166956.0,0.00167015478077,0.929135719037,0.0691941261823
253,,0.0572895221541,0.731632220421,0.211078257425
254,,0.0574568722245,0.697375433141,0.245167694634
255,7134741.0,0.046871453797,0.723933676476,0.229194869727
256,,0.0199641696292,0.774396518982,0.205639311389
257,7148587.0,0.1029783962,0.602597002888,0.294424600912
258,,0.307200342223,0.27472135004,0.418078307737
259,,0.172855818612,0.487788612458,0.33935556893
260,,0.0180004325814,0.81303495885,0.168964608568
261,,0.0250848660597,0.742425282222,0.232489851718
262,7114391.0,0.0982914069695,0.611350880661,0.29035771237
263,7210245.0,0.0526399953966,0.77199938419,0.175360620414
264,,0.0231010806325,0.846651317605,0.130247601763
265,,0.11197296663,0.544726753459,0.343300279911
266,,0.0582230840792,0.760069882981,0.18170703294
267,,0.0646080064394,0.715541972823,0.219850020737
268,,0.0166638225502,0.846950085402,0.136386092048
269,,0.0200849702796,0.804013407534,0.175901622186
270,,0.206546445783,0.48054406217,0.312909492047
271,,0.0783101981302,0.720283767431,0.201406034439
272,7200221.0,0.0137055411905,0.859269064715,0.127025394095
273,,0.208552035221,0.416586974223,0.374860990556
274,,0.0610940668749,0.723168102558,0.215737830567
275,7176451.0,0.0582230840792,0.760069882981,0.18170703294
276,,0.179757193087,0.477634911605,0.342607895307
277,7112578.0,0.060849762684,0.72370493117,0.215445306146
278,,0.0451847499437,0.78872130067,0.166093949386
279,7169964.0,0.307200342223,0.27472135004,0.418078307737
280,7129699.0,0.063967555934,0.716918968276,0.21911347579
281,,0.0862337330525,0.70563346373,0.208132803218
282,7192613.0,0.0114816160158,0.791310825336,0.197207558648
283,7137236.0,0.0583378936817,0.644200561576,0.297461544743
284,7129545.0,0.239445814594,0.395778797901,0.364775387505
285,,0.116706739456,0.653134342492,0.230158918052
286,,0.077901163773,0.688106831023,0.233992005204
287,,0.0180742679353,0.776089687649,0.205836044416
288,,0.104103944715,0.674204436401,0.221691618884
289,7167474.0,0.135656549329,0.585730949874,0.278612500797
290,,0.0872717313265,0.61860983169,0.294118436984
291,7187520.0,0.0553672365611,0.766114848453,0.178517914986
292,7219030.0,0.00358163231898,0.868394661081,0.1280237066
293,7194762.0,0.0944878705029,0.618588788927,0.28692334057
294,,0.203547128168,0.484700892485,0.311751979347
295,7223079.0,0.00922736321478,0.808321688055,0.18245094873
296,7197337.0,0.0185278238856,0.839745832714,0.141726343401
297,,0.103073911365,0.602420424472,0.294505664164
298,,0.0100241613359,0.833028064575,0.156947774089
299,,0.172855818612,0.487788612458,0.33935556893
300,,0.0817710550457,0.680481558574,0.23774738638
301,,0.0928947471069,0.621658017783,0.28544723511
302,,0.0319631908748,0.821407847151,0.146628961974
303,7103559.0,0.225702823549,0.454474795839,0.319822380612
304,7112266.0,0.0255265628399,0.839375675547,0.135097761613
305,7172018.0,0.0384393881454,0.777697841268,0.183862770586
306,,0.129054509213,0.556730731523,0.314214759264
307,,0.134800773949,0.547175514,0.318023712051
308,,0.0380824906991,0.778655213239,0.183262296062
309,7161834.0,0.0149059061462,0.854122743452,0.130971350402
310,,0.0948149085482,0.655766860567,0.249418230885
311,7135375.0,0.0900014868842,0.664722269282,0.245276243834
312,7129249.0,0.0852566432349,0.636704608255,0.27803874851
313,7125143.0,0.019024781091,0.808538700947,0.172436517962
314,7151407.0,0.154085735272,0.556783256893,0.289131007835
315,7223550.0,0.114098208867,0.62151855267,0.264383238463
316,,0.250682817538,0.403605503651,0.345711678811
317,,0.0643387139992,0.747487324635,0.188173961366
318,,0.130443315683,0.631006341034,0.238550343284
319,,0.124811995029,0.639981156738,0.235206848233
320,7223021.0,0.0467018619246,0.688887999104,0.264410138972
321,,0.0384393881454,0.777697841268,0.183862770586
322,7174183.0,0.0701609366685,0.668314260669,0.261524802662
323,7202273.0,0.0642870692633,0.71623129881,0.219481631927
324,,0.113391216679,0.583743913194,0.302864870128
325,7161696.0,0.0202811648429,0.807909421569,0.171809413588
326,,0.0406902172336,0.77174833555,0.187561447216
327,,0.0404805576042,0.77229628513,0.187223157266
328,,0.113581452232,0.622406105622,0.264012442146
329,,0.00319915117431,0.908229713988,0.0885711348377
330,,0.039857684065,0.773931587866,0.186210728069
331,,0.103456670928,0.601713527654,0.294829801418
332,7225795.0,0.0777718126057,0.65203635093,0.270191836465
333,7095668.0,0.141623862331,0.576208115032,0.282168022638
334,,0.0713725625222,0.733550129086,0.195077308392
335,7234386.0,0.00167015478077,0.929135719037,0.0691941261823
336,7230215.0,0.124258725687,0.604363134559,0.271378139754
337,7127331.0,0.0392438801839,0.775554136723,0.185201983093
338,7167945.0,0.0737005713918,0.660650664672,0.265648763936
339,,0.0117672714371,0.822207796986,0.166024931577
340,7190799.0,0.0246198597198,0.818384923882,0.156995216398
341,7120422.0,0.229196460747,0.367873191456,0.402930347798
342,,0.00373463679249,0.917766095659,0.0784992675486
343,7220083.0,0.0782809509539,0.6873519401,0.234367108946
344,7103388.0,0.103621932481,0.639823589505,0.256554478014
345,,0.0604232451505,0.690347932216,0.249228822634
346,,0.0525696728347,0.742466169493,0.204964157673
347,,0.0445228985899,0.730194282015,0.225282819395
348,7163634.0,0.0168307140495,0.867261563286,0.115907722665
349,,0.0667709623976,0.675818107759,0.257410929843
350,,0.0643387139992,0.747487324635,0.188173961366
351,7124748.0,0.0908611890476,0.585183769345,0.323955041608
352,,0.0134029216763,0.860602357167,0.125994721156
353,,0.147924075696,0.603904631994,0.24817129231
354,,0.160574283414,0.546896956828,0.292528759758
355,7220833.0,0.0223084773923,0.770665682196,0.207025840412
356,7214952.0,0.0178166387262,0.759685221672,0.222498139602
357,,0.188139659973,0.506405891209,0.305454448818
358,,0.0348274027847,0.787579035863,0.177593561352
359,7116891.0,0.00104299101959,0.950565836574,0.0483911724066
360,7137270.0,0.0250628740689,0.789909453781,0.18502767215
361,7137935.0,0.23690428921,0.334683661156,0.428412049634
362,7150092.0,0.124811995029,0.639981156738,0.235206848233
363,,0.063967555934,0.716918968276,0.21911347579
364,,0.186802940562,0.467436038122,0.345761021316
365,7144140.0,0.0856668318229,0.635881911125,0.278451257052
366,,0.0921615216792,0.582567236407,0.325271241914
367,,0.0526399953966,0.77199938419,0.175360620414
368,,0.140722181962,0.537508353479,0.321769464559
369,,0.0709821321432,0.702128054787,0.226889813069
370,7100389.0,0.104200316442,0.674040184893,0.221759498665
371,,0.00165091038347,0.916272010141,0.0820770794757
372,,0.181018117125,0.516650441985,0.30233144089
373,7221077.0,0.0777718126057,0.65203635093,0.270191836465
374,7219078.0,3.01924206858e-06,0.991702932374,0.0082940483835
375,7095541.0,0.204255413866,0.442843854474,0.35290073166
376,,0.0173952919126,0.842723363387,0.139881344701
377,7203328.0,0.106980725036,0.553932301888,0.339086973076
378,,0.0402150878636,0.697047260719,0.262737651418
379,7087981.0,0.0852566432349,0.636704608255,0.27803874851
380,7229492.0,0.214223568773,0.387458569941,0.398317861286
381,7206615.0,0.103621932481,0.639823589505,0.256554478014
382,,0.216268821693,0.426423240218,0.357307938089
383,7120758.0,0.247317999763,0.385652517692,0.367029482545
384,,0.0384393881454,0.777697841268,0.183862770586
385,,0.0585159167837,0.759456450541,0.182027632676
386,7107623.0,0.140722181962,0.537508353479,0.321769464559
387,7136685.0,0.129054509213,0.556730731523,0.314214759264
388,,0.0635264894947,0.683162463781,0.253311046724
389,,0.0583043618782,0.684453782465,0.257241855657
390,7146873.0,0.171285380806,0.447691979832,0.381022639362
391,,0.092611899262,0.694180162932,0.213207937806
392,7173496.0,0.124258725687,0.604363134559,0.271378139754
393,7223131.0,0.103621932481,0.639823589505,0.256554478014
394,7126261.0,0.019432275377,0.836379244314,0.144188480309
395,,0.251274759163,0.380612952731,0.368112288106
396,7153662.0,0.067227287693,0.70996754131,0.222805170997
397,7096174.0,0.0944578555317,0.656425006567,0.249117137901
398,7169773.0,0.0123193655356,0.840813193849,0.146867440616
399,,0.104103944715,0.674204436401,0.221691618884
400,,0.00923449513967,0.880857535424,0.109907969436
401,,0.114095934814,0.657434500943,0.228469564243
402,,0.140722181962,0.537508353479,0.321769464559
403,,0.0115788067042,0.81946487391,0.168956319386
404,,0.0463548832916,0.786029019871,0.167616096837
405,,0.0378165602636,0.806363411304,0.155820028433
406,,0.0706333177951,0.702849129688,0.226517552517
407,,0.136611169458,0.621318694279,0.242070136263
408,7166336.0,0.188859747154,0.505377779299,0.305762473548
409,7214496.0,0.147767801001,0.566556373828,0.285675825172
410,,0.186802940562,0.467436038122,0.345761021316
411,,0.0444959875566,0.790318923293,0.165185089151
412,7132195.0,0.0296213414064,0.802676433267,0.167702225327
413,,0.0280177644484,0.729857058117,0.242125177435
414,,0.042843868575,0.76618971216,0.190966419265
415,7105198.0,0.0161655928738,0.821430382166,0.162404024961
416,,0.129054509213,0.556730731523,0.314214759264
417,7105648.0,0.0706333177951,0.702849129688,0.226517552517
418,,0.0551124195484,0.652906261183,0.291981319268
419,7112992.0,0.0151393605783,0.873410271914,0.111450367508
420,,0.0845830515655,0.59808283757,0.317334110865
421,,0.0422846600582,0.736307562328,0.221407777614
422,,0.0690238209489,0.738145752356,0.192830426695
423,,0.225702823549,0.454474795839,0.319822380612
424,7192198.0,0.0235237283637,0.765691124965,0.210785146671
425,7105389.0,0.0737005713918,0.660650664672,0.265648763936
426,,0.0526399953966,0.77199938419,0.175360620414
427,,0.129867766866,0.595118018524,0.275014214609
428,,0.0865643398863,0.705032713059,0.208402947054
429,,0.0582230840792,0.760069882981,0.18170703294
430,,0.247317999763,0.385652517692,0.367029482545
431,,0.112877717355,0.584655688523,0.302466594123
432,,0.114095934814,0.657434500943,0.228469564243
433,,0.00967583878758,0.858352509317,0.131971651896
434,,0.0312130064808,0.797940625909,0.17084636761
435,,0.129867766866,0.595118018524,0.275014214609
436,,0.0160966337923,0.768809542262,0.215093823946
437,7120917.0,0.0937770907893,0.619955330283,0.286267578928
438,7136806.0,0.103456670928,0.601713527654,0.294829801418
439,,0.00384480583222,0.900081516139,0.0960736780286
440,7109319.0,0.0681767868171,0.672685941053,0.25913727213
441,7115282.0,0.0585159167837,0.759456450541,0.182027632676
442,7146676.0,0.21141192267,0.512794548486,0.275793528844
443,,0.0187081633382,0.86076716681,0.120524669851
444,7215893.0,0.0582230840792,0.760069882981,0.18170703294
445,7165629.0,0.0204881896214,0.832544360007,0.146967450371
446,7219540.0,0.0706333177951,0.702849129688,0.226517552517
447,7136465.0,0.0948231617557,0.690273553378,0.214903284866
448,,0.0387261422722,0.804114715049,0.157159142679
449,7232225.0,0.141623862331,0.576208115032,0.282168022638
450,,0.0144787938395,0.802301083418,0.183220122742
451,7105202.0,0.133327258663,0.626458713364,0.240214027973
452,,0.0144000898496,0.802740378292,0.182859531859
453,,0.19636575386,0.533538863182,0.270095382958
454,7126430.0,0.0314674491549,0.822732956611,0.145799594234
455,,0.144627405225,0.445259459505,0.41011313527
456,,0.0509389919503,0.746303698797,0.202757309252
457,,0.0792993687602,0.648856107778,0.271844523462
458,7111867.0,0.00707545911279,0.893312836339,0.0996117045482
459,,0.0202811648429,0.807909421569,0.171809413588
460,,0.0767973203997,0.572825532977,0.350377146623
461,,0.0862337330525,0.70563346373,0.208132803218
462,,0.0771538299053,0.613970449755,0.308875720339
463,,0.0523034520685,0.743089196678,0.204607351254
464,,0.119362963608,0.648791788413,0.231845247978
465,7146798.0,0.0783101981302,0.720283767431,0.201406034439
466,7092134.0,0.00199550223428,0.874501205349,0.123503292416
467,,0.0145800771234,0.829091697792,0.156328225085
468,,0.0108916427513,0.872325810257,0.116782546992
469,,0.067227287693,0.70996754131,0.222805170997
470,,0.247317999763,0.385652517692,0.367029482545
471,7156595.0,0.0771538299053,0.613970449755,0.308875720339
472,7230524.0,0.0309358295132,0.770034848954,0.199029321533
473,7096089.0,0.0777718126057,0.65203635093,0.270191836465
474,7204276.0,0.00603054666583,0.900091606118,0.0938778472161
475,,0.124258725687,0.604363134559,0.271378139754
476,7187503.0,0.0582230840792,0.760069882981,0.18170703294
477,,0.0424048313526,0.690080213665,0.267514954983
478,,0.0937770907893,0.619955330283,0.286267578928
479,7157119.0,0.0509908588164,0.746180844379,0.202828296805
480,7205310.0,0.0187721990205,0.746880767778,0.234347033201
481,7116785.0,0.0426237712352,0.766752094368,0.190624134396
482,7220345.0,0.187943168576,0.465800788372,0.346256043053
483,7213335.0,0.171285380806,0.447691979832,0.381022639362
484,7226774.0,0.142250887887,0.612582450719,0.245166661395
485,,0.0339217526311,0.760648680722,0.205429566647
486,7139673.0,0.0701609366685,0.668314260669,0.261524802662
487,7158994.0,0.118092514341,0.575477094773,0.306430390886
488,,7.09107570073e-05,0.975649065783,0.0242800234599
489,,0.075527772295,0.656758982011,0.267713245694
490,7233238.0,0.0898303339113,0.665044085693,0.245125580396
491,7139917.0,0.0312130064808,0.797940625909,0.17084636761
492,,0.0643387139992,0.747487324635,0.188173961366
493,,0.0928947471069,0.621658017783,0.28544723511
494,7141300.0,0.0578694734339,0.730327225954,0.211803300612
495,,0.0862337330525,0.70563346373,0.208132803218
496,,0.0701609366685,0.668314260669,0.261524802662
497,,0.0676074883708,0.740944529905,0.191447981724
498,7145411.0,0.124258725687,0.604363134559,0.271378139754
499,7207430.0,0.0845830515655,0.59808283757,0.317334110865
500,7125901.0,0.0129966304224,0.815119272294,0.171884097284
501,,0.253530823801,0.314089544777,0.432379631422
502,,0.0637171321855,0.68272629065,0.253556577165
503,,0.00574829362516,0.902032088666,0.092219617709
504,,0.0937770907893,0.619955330283,0.286267578928
505,,0.0101516880545,0.855573702527,0.134274609419
506,7148635.0,0.0569786297186,0.661426177648,0.281595192634
507,,0.0346185316963,0.751097903144,0.214283565159
508,,0.116163988353,0.562432921169,0.321403090478
509,7190493.0,0.0471125446555,0.723299424852,0.229588030493
510,7183609.0,0.127268285952,0.542587643609,0.330144070439
511,7105489.0,0.044356361545,0.690090506203,0.265553132252
512,,0.0142875678734,0.77267842741,0.213034004717
513,7199702.0,0.0619574844264,0.686775008526,0.251267507048
514,7232177.0,0.123022770917,0.525035080208,0.351942148875
515,7699396.0,0.231639004903,0.405957666989,0.362403328108
516,,0.0145010606089,0.829484597613,0.156014341779
517,,0.107840004748,0.593697232052,0.2984627632
518,7187542.0,0.00215926369312,0.90705407125,0.0907866650573
519,7203495.0,0.174045815127,0.526820788324,0.299133396549
520,,0.136847908805,0.62094968576,0.242202405435
521,7154804.0,0.104586515472,0.673382477544,0.222031006985
522,,0.00693291820453,0.855315739644,0.137751342152
523,,0.00492615278361,0.890831534309,0.104242312907
524,,0.0148217047853,0.831417035405,0.15376125981
525,,0.0635264894947,0.683162463781,0.253311046724
526,,0.0205141564447,0.771842752005,0.20764309155
527,,0.0373832959103,0.679777579529,0.282839124561
528,,0.0364960827644,0.782959878741,0.180544038494
529,7213096.0,0.0177757581707,0.752275584421,0.229948657408
530,7229112.0,0.0612120711668,0.753861609263,0.18492631957
531,,0.147767801001,0.566556373828,0.285675825172
532,,0.161232368828,0.545902436564,0.292865194608
533,,0.119362963608,0.648791788413,0.231845247978
534,7195985.0,0.0720059431996,0.732320275554,0.195673781246
535,7128989.0,0.00293806213926,0.895959523809,0.101102414052
536,7201340.0,0.161346454957,0.462653335349,0.376000209694
537,7160416.0,0.160574283414,0.546896956828,0.292528759758
538,7145487.0,0.170617703373,0.531874795516,0.297507501111
539,,0.121521805164,0.608930710547,0.269547484289
540,,0.0426237712352,0.766752094368,0.190624134396
541,,0.0251704785335,0.816586486487,0.15824303498
542,7132045.0,0.147435449915,0.526754556172,0.325809993913
543,,0.0426237712352,0.766752094368,0.190624134396
544,,0.118829977337,0.613460781764,0.267709240899
545,,0.161232368828,0.545902436564,0.292865194608
546,,0.00559956731507,0.866763200043,0.127637232642
547,,0.0401524241716,0.74227591283,0.217571662999
548,7127946.0,0.0342023149337,0.726884026998,0.238913658068
549,,0.103456670928,0.601713527654,0.294829801418
550,,0.136256603387,0.621871743668,0.241871652945
551,,0.0667709623976,0.675818107759,0.257410929843
552,,0.0248035372089,0.753076624793,0.222119837998
553,,0.0553672365611,0.766114848453,0.178517914986
554,7164531.0,0.154085735272,0.556783256893,0.289131007835
555,7221942.0,0.257115297598,0.35243844687,0.390446255532
556,,0.0281081768589,0.807288699238,0.164603123903
557,7192439.0,0.104103006253,0.638968014468,0.256928979279
558,7140922.0,0.00128752092334,0.936063920912,0.0626485581647
559,,0.00063156420427,0.951716991392,0.0476514444037
560,,0.160574283414,0.546896956828,0.292528759758
561,7181426.0,0.0307950720594,0.738459843077,0.230745084863
562,,0.070508097947,0.667555090873,0.26193681118
563,7088015.0,0.0546229563439,0.704246174808,0.241130868849
564,7162106.0,0.202949627779,0.485531548838,0.311518823383
565,,0.0250628740689,0.789909453781,0.18502767215
566,,0.0723925297104,0.699226912239,0.228380558051
567,7138311.0,0.0186163728324,0.810316150769,0.171067476399
568,7188806.0,0.201296862359,0.44694904421,0.351754093431
569,7164370.0,0.229196460747,0.367873191456,0.402930347798
570,,0.069296556265,0.73760922304,0.193094220695
571,7162259.0,0.0646591221501,0.746840667436,0.188500210414
572,7131606.0,0.0862156219093,0.671897774596,0.241886603495
573,7204441.0,0.0119766606686,0.845532498839,0.142490840493
574,,0.0852566432349,0.636704608255,0.27803874851
575,,0.0948149085482,0.655766860567,0.249418230885
576,7189092.0,0.114095934814,0.657434500943,0.228469564243
577,7119739.0,0.0641471516509,0.74787450986,0.187978338489
578,,0.147767801001,0.566556373828,0.285675825172
579,,0.0582230840792,0.760069882981,0.18170703294
580,,0.167993970831,0.574004470415,0.258001558753
581,,0.0643387139992,0.747487324635,0.188173961366
582,7099579.0,0.0254368747854,0.815723049803,0.158840075411
583,,0.0948231617557,0.690273553378,0.214903284866
584,,0.0574568722245,0.697375433141,0.245167694634
585,7164940.0,0.0741899025834,0.695562518723,0.230247578694
586,,0.0989080655409,0.648289208352,0.252802726107
587,7091677.0,0.0497087042948,0.749233582957,0.201057712748
588,,0.0401524241716,0.74227591283,0.217571662999
589,7159173.0,0.0904435038256,0.698042358936,0.211514137238
590,7144584.0,0.0304071359415,0.80032417233,0.169268691729
591,,0.0574568722245,0.697375433141,0.245167694634
592,7170465.0,0.038132066803,0.703860989833,0.258006943364
593,,0.307200342223,0.27472135004,0.418078307737
594,,0.0472334707407,0.755223669576,0.197542859683
595,,0.0637021573536,0.748775585555,0.187522257091
596,,0.153081158541,0.517870165701,0.329048675758
597,7145105.0,0.233539679088,0.444033012864,0.322427308049
598,7174989.0,0.132168226731,0.628282520827,0.239549252442
599,7187660.0,0.113581452232,0.622406105622,0.264012442146
600,7101204.0,0.0900014868842,0.664722269282,0.245276243834
601,,0.0630078557074,0.646472376549,0.290519767743
602,,0.0526399953966,0.77199938419,0.175360620414
603,,0.0475532384129,0.783299405186,0.169147356401
604,7174250.0,0.0397383274338,0.80163750836,0.158624164207
605,7206561.0,0.0582230840792,0.760069882981,0.18170703294
606,,0.074588976814,0.727344607126,0.19806641606
607,7168239.0,0.00102394810503,0.916974871535,0.0820011803602
608,,0.00343124205354,0.905620076133,0.0909486818136
609,,0.104103944715,0.674204436401,0.221691618884
610,7115466.0,0.114098208867,0.62151855267,0.264383238463
611,,0.0748329300855,0.603136445083,0.322030624832
612,,0.0817710550457,0.680481558574,0.23774738638
613,,0.025329988588,0.816068972034,0.158601039378
614,7150492.0,0.112877717355,0.584655688523,0.302466594123
615,7200687.0,0.044908875354,0.720101451689,0.234989672957
616,,0.0425036431314,0.735702796659,0.22179356021
617,,0.113581452232,0.622406105622,0.264012442146
618,,0.129054509213,0.556730731523,0.314214759264
619,,0.07739388027,0.652827437009,0.269778682721
620,7118336.0,0.09900062432,0.648121510406,0.252877865274
621,7113766.0,0.174736136942,0.525807399735,0.299456463323
622,7234398.0,0.141623862331,0.576208115032,0.282168022638
623,7219996.0,0.103621932481,0.639823589505,0.256554478014
624,7166766.0,0.044597595966,0.761752791634,0.1936496124
625,,0.0309358295132,0.770034848954,0.199029321533
626,7168961.0,0.135656549329,0.585730949874,0.278612500797
627,,0.0179480200917,0.841946651725,0.140105328184
628,,0.0642870692633,0.71623129881,0.219481631927
629,7091303.0,0.0701609366685,0.668314260669,0.261524802662
630,,0.1029783962,0.602597002888,0.294424600912
631,7113377.0,0.137441023419,0.620026085789,0.242532890793
632,,0.124258725687,0.604363134559,0.271378139754
633,,0.133327258663,0.626458713364,0.240214027973
634,,0.116163988353,0.562432921169,0.321403090478
635,,0.0806012423809,0.606508593489,0.31289016413
636,7116917.0,0.00285718676025,0.912282873401,0.0848599398388
637,,0.0223829630056,0.848869909844,0.128747127151
638,7157778.0,0.0643387139992,0.747487324635,0.188173961366
639,,0.0386390329503,0.777164015812,0.184196951238
640,7143672.0,0.0706333177951,0.702849129688,0.226517552517
641,7185468.0,0.0178166387262,0.759685221672,0.222498139602
642,,0.201296862359,0.44694904421,0.351754093431
643,,0.247317999763,0.385652517692,0.367029482545
644,7209367.0,0.124258725687,0.604363134559,0.271378139754
645,7131313.0,0.203547128168,0.484700892485,0.311751979347
646,,0.0463548832916,0.786029019871,0.167616096837
647,7090615.0,0.0930367762148,0.580816197675,0.32614702611
648,7119653.0,0.124258725687,0.604363134559,0.271378139754
649,7214357.0,0.0989080655409,0.648289208352,0.252802726107
650,,0.060849762684,0.72370493117,0.215445306146
651,7190958.0,0.147767801001,0.566556373828,0.285675825172
652,,0.00712642703852,0.873127375706,0.119746197255
653,,0.229196460747,0.367873191456,0.402930347798
654,,0.244609283233,0.348359118344,0.407031598423
655,,0.0312619766663,0.768988604147,0.199749419187
656,7185090.0,0.0352812622168,0.812751502983,0.1519672348
657,7106402.0,0.0276358996698,0.741624644715,0.230739455616
658,7091710.0,0.00528908041142,0.865571841118,0.12913907847
659,7229732.0,0.0676074883708,0.740944529905,0.191447981724
660,,0.018907467218,0.779412122538,0.201680410244
661,,0.0114260443636,0.869722194066,0.11885176157
662,7191894.0,0.0817952022065,0.713778676068,0.204426121726
663,,0.216268821693,0.426423240218,0.357307938089
664,,0.0348274027847,0.787579035863,0.177593561352
665,,0.0662303357536,0.638773106616,0.29499655763
666,7110757.0,0.142250887887,0.612582450719,0.245166661395
667,,0.0800687587214,0.64088282127,0.279048420008
668,,0.0812446977772,0.644845099563,0.27391020266
669,7099217.0,0.0802815662967,0.683399155135,0.236319278568
670,,0.0170097763189,0.866628036408,0.116362187273
671,,0.000353110599714,0.9541355669,0.0455113225002
672,,0.0440422887112,0.791376667238,0.16458104405
673,,0.0125428865544,0.863526851597,0.123930261849
674,7225712.0,0.124033823875,0.565228737776,0.310737438349
675,7168382.0,0.0821905025819,0.713047059132,0.204762438286
676,,0.0404805576042,0.77229628513,0.187223157266
677,,0.0413484749111,0.767005093836,0.191646431253
678,,0.0129832452894,0.810887190174,0.176129564537
679,7233700.0,0.0142819128132,0.876652365238,0.109065721949
680,,0.26795072126,0.256415745993,0.475633532747
681,7194838.0,0.0279610408775,0.80774325403,0.164295705093
682,7087718.0,0.178343826149,0.559019699569,0.262636474282
683,,0.0375320241263,0.749822245747,0.212645730127
684,,0.0383356921098,0.703186472714,0.258477835176
685,7176108.0,0.0900014868842,0.664722269282,0.245276243834
686,,0.0937770907893,0.619955330283,0.286267578928
687,7208072.0,0.201296862359,0.44694904421,0.351754093431
688,,0.104586515472,0.673382477544,0.222031006985
689,,0.186802940562,0.467436038122,0.345761021316
690,,0.0550222054777,0.736787894557,0.208189899966
691,,0.0059599276143,0.860336100868,0.133703971518
692,7223233.0,0.0144000898496,0.802740378292,0.182859531859
693,7142533.0,0.0471125446555,0.723299424852,0.229588030493
694,7102561.0,0.0404805576042,0.77229628513,0.187223157266
695,,0.087881461741,0.668725564204,0.243392974055
696,7151758.0,0.00508561719465,0.906806952791,0.0881074300145
697,,0.0437349746414,0.76392555356,0.192339471799
698,,0.119362963608,0.648791788413,0.231845247978
699,7155462.0,0.00730524294612,0.891897240527,0.100797516527
700,7192662.0,0.0802302198684,0.716687469394,0.203082310737
701,,0.0701609366685,0.668314260669,0.261524802662
702,,8.88127839111e-06,0.989425944985,0.0105651737362
703,7158810.0,0.159512260436,0.507916622157,0.332571117407
704,7170591.0,0.0397383274338,0.80163750836,0.158624164207
705,7300648.0,0.0018464243045,0.926409169548,0.0717444061478
706,7147363.0,0.0386390329503,0.777164015812,0.184196951238
707,7099751.0,0.0523034520685,0.743089196678,0.204607351254
708,,0.0323082764072,0.794745760514,0.172945963079
709,,0.0635264894947,0.683162463781,0.253311046724
710,,0.0296335568858,0.767723427457,0.202643015657
711,,0.0635264894947,0.683162463781,0.253311046724
712,7210590.0,0.00722783093263,0.892371395251,0.100400773817
713,,0.0744268137293,0.659098778987,0.266474407284
714,7153703.0,0.0523034520685,0.743089196678,0.204607351254
715,7204272.0,0.0553672365611,0.766114848453,0.178517914986
716,7121308.0,5.15293581336e-05,0.978540843625,0.0214076270168
717,,0.0635264894947,0.683162463781,0.253311046724
718,7168526.0,0.118829977337,0.613460781764,0.267709240899
719,,0.229610182635,0.449253300223,0.321136517142
720,7114682.0,0.1029783962,0.602597002888,0.294424600912
721,,0.116183214397,0.617952762005,0.265864023598
722,,0.139231208012,0.617246089201,0.243522702787
723,,0.141623862331,0.576208115032,0.282168022638
724,,0.0281081768589,0.807288699238,0.164603123903
725,7223738.0,0.0161655928738,0.821430382166,0.162404024961
726,,0.0667709623976,0.675818107759,0.257410929843
727,,0.136256603387,0.621871743668,0.241871652945
728,7134558.0,8.0831557301e-06,0.989646238751,0.0103456780928
729,,0.133327258663,0.626458713364,0.240214027973
730,7226520.0,0.0582230840792,0.760069882981,0.18170703294
731,,0.11197296663,0.544726753459,0.343300279911
732,,0.0445228985899,0.730194282015,0.225282819395
733,,0.0221033813076,0.729954222894,0.247942395798
734,,0.0989080655409,0.648289208352,0.252802726107
735,7112715.0,0.0181180499947,0.812512148783,0.169369801222
736,,0.105387268941,0.598165110512,0.296447620548
737,7087774.0,0.000573789364551,0.953507161336,0.0459190492994
738,,0.161299558829,0.583847720668,0.254852720503
739,,0.0862337330525,0.70563346373,0.208132803218
